torque1=[-0.52122943037692
-0.454624967722711
-0.172224878458186
-0.00484496094778066
0.203116974282825
0.361445531668248
0.569978586383974
0.644840300842824
0.541047494789435
0.472614701749804
0.292393863741039
0.0308901910063641
-0.306560298504176
-0.540873620858315
-0.641276486269821
-0.613016967281362
-0.277651126379655
-0.463406992660385
-0.233922715841309
0.0719422552111924
0.37836794418165
0.593381627735297
0.681675782890804
0.848923726086338
0.987389403785416
0.848773658955499
0.710923692729233
0.462673183879424
0.110644193863922
-0.122608016942321
-0.347207957081196
-0.523840795847882
-0.525112330769964
-0.54825287003612
-0.367453405503665
-0.264432619020495
-0.0748886655316433
0.185189015257282
0.419092692468716
0.545801458921192
0.556738824592399
0.577085509607409
0.53868331957432
0.413814719241893
0.157385115848412
-0.113121799572792
-0.352454585358465
-0.507339011585858
-0.405489771578467
-0.582935925541225
-0.569138352484092
-0.438804727867829
-0.322565031377086
-0.0117745327055955
-0.00929007285683113
0.210334560229282
0.446253622396854
0.542057677784809
0.566249291008349
0.47118347449107
0.279932896047558
0.0657923609438895
-0.00754732661569237
-0.165635634940568
-0.226578268772904
-0.266754072033478
-0.178773691741253
-0.0271386857543058
-0.0624209390694983
-0.0147945045076792
0.301248614181489
0.46122554992992
0.5517736079197
0.571078020192506
0.48478654501893
0.576110737720808
0.301734554311176
0.0822374428753934
-0.192830023077545
-0.446959275813699
-0.574727181661488
-0.673601987616354
-0.659900679628195
-0.620068080010669
-0.539787805342027
-0.2716721020588
-0.0842977595519562
0.135714669060251
0.254803039797481
0.516478584158581
0.583985259633226
0.563745968518593
0.469789589172902
0.241829937701843
0.12556771583635
-0.214523965775064
-0.481249117710253
-0.626196981261596
-0.662267219229278
-0.424032667302299
-0.441846238816655
-0.353144712835712
0.008616349743727
0.28857175810167
0.528761257974892
0.70356677161977
0.74956212347241
1.03376495457458
0.948612243763482
0.844965640966716
0.58228819097606
0.286808385177081
-0.0712158140469597
-0.284781288285177
-0.425787261646801
-0.523368313188561
-0.530906806354491
-0.356754217488677
-0.247427343249593
-0.0399934896317036
0.0943791671253641
0.406763858253201
0.527728088084815
0.623638710383524
0.610261301867501
0.501260432849051
0.522460043690503
0.286547060982271
0.00333832805812308
-0.229645383655168
-0.472051826625033
-0.448465697257228
-0.526839363670204
-0.552837776916773
-0.489996915179651
-0.364827608446568
-0.108903130345053
0.0237976606071951
-0.0294289301061616
0.394428578784102
0.492374847436995
0.514475039486214
0.489979063529593
0.302420204174758
0.112737311434779
-0.0413043013636649
-0.128155649205528
-0.282268005296584
-0.31510466014981
-0.232857453854677
-0.156504037704809
-0.0212475217400848
-0.0784062089385489
0.245342257173917
0.33454238297276
0.522513237723826
0.566213361199046
0.415372252522678
0.594711691784072
0.384166900268619
0.136404395164038
-0.131277973791786
-0.399566895504821
-0.550247261658157
-0.635047943193244
-0.654852773639117
-0.652136154679592
-0.575558702761668
-0.360532701541208
-0.13869818699764
-0.0112265327840507
0.18241351490342
0.43636221586173
0.508793442950595
0.595321836959888
0.464698273031193
0.412359230751476
0.207986738746114
-0.109000943310998
-0.423340014732099
-0.611062926931874
-0.685772682611071
-0.590151089530915
-0.437024032943853
-0.421551825022392
-0.104863223291368
0.156082496594168
0.445358438629023
0.627496655031516
0.586949070242329
0.962006281947725
0.982039506418875
0.854714277459637
0.655175314515528
0.411691657613424
0.0437496920130047
-0.219861187701223
-0.3486007982744
-0.515979726211738
-0.51436420403602
-0.418995753654255
];


torque2=[0.452705127055623
0.364090340354353
0.0888766818464423
-0.103462328097366
-0.424572297578141
-0.598136494071574
-0.700508201108895
-0.651488043699271
-0.55035497170412
-0.310861511537571
-0.0585970511069945
0.161457656841537
0.386613344976676
0.580181085446033
0.777965855313024
0.858425060393412
0.546525733748274
0.717901614855118
0.553006318019277
0.262802693516082
-0.0777868506486088
-0.263729942837562
-0.526367903592733
-0.558506403322875
-0.395705439575062
-0.411477671550194
-0.270241388205718
-0.0745402709286828
0.0821724284509357
0.314959246447864
0.420427032423006
0.672174993005776
0.628712967345102
0.66161105296284
0.505573465690418
0.354018257523695
0.0540503468460631
-0.249208668543871
-0.396566738858832
-0.505538386197129
-0.54931001035422
-0.5438563290912
-0.394828636314994
-0.191433246438238
-0.115978978883492
0.0933597440356787
0.23159838529633
0.433400492390211
0.210401697159395
0.476505914493788
0.516751192420647
0.401266668286053
0.231217572800694
0.0394588933177855
-0.227258926750231
-0.344817588103143
-0.203374100043065
-0.26703053602236
-0.186366547771594
-0.0764697355787008
0.0416004466263545
0.310603476590276
0.339106695255764
0.548400691057876
0.557113456629973
0.644429970007255
0.62617385634617
0.253899898211319
0.101246931730107
-0.104282745834759
-0.392763977909461
-0.579703221279171
-0.683201788734792
-0.765149955722128
-0.6548225128027
-0.408888957760494
-0.312164788932254
-0.132576327075094
0.0429772597715347
0.235354806115077
0.442871865453355
0.462964246347706
0.497946367809965
0.528559490484455
0.404588959966909
0.156718042462223
-0.0932817377370452
-0.366843925885881
-0.596013509867911
-0.710554329643434
-0.699874706499174
-0.603865051189533
-0.403044109152639
-0.00550988160011775
0.0713626286967532
0.313255997378994
0.508602758904878
0.703805168877189
0.858665964739143
0.671178980278875
0.680717027023211
0.64682459122572
0.33278534337513
0.0466261416848678
-0.219833083416421
-0.421961847921097
-0.572819502214697
-0.411970852441755
-0.426828747536068
-0.276015190578407
-0.142783631882669
0.0354957062887501
0.255526812356845
0.389425914250903
0.572809277560794
0.687266700575951
0.685512261678008
0.576879998258008
0.407094663328005
0.164472263440318
-0.164846973053486
-0.341863885424447
-0.487017427214878
-0.558570435604395
-0.572962990449467
-0.441448346799995
-0.278763971966411
-0.121163005304867
0.0190920284602922
0.146797773411577
0.396784551874144
0.327986174863463
0.403529793182855
0.482825782223067
0.433691316205622
0.273509394176259
0.0826595753126624
-0.14150785242716
-0.394022151462213
-0.262329127605202
-0.302253804848882
-0.233501671658291
-0.120802786938581
-0.0340575421659192
0.238719686199017
0.326533764511429
0.457855526978946
0.584357504829936
0.618414993081559
0.648429130751487
0.439530962265023
0.127373474184013
0.0175663966853443
-0.289218145492876
-0.478982450558392
-0.656257391942577
-0.716983587284732
-0.542470596674316
-0.477333775170827
-0.33409208374374
-0.180510935949196
-0.00917005581083694
0.206797369875248
0.380951012201954
0.502576191970768
0.486344544832239
0.602461639293266
0.467908355557776
0.32489514058999
0.0269619881033123
-0.181146315086439
-0.527962335021692
-0.664853823475143
-0.718608931824809
-0.612203352887272
-0.50040241636297
-0.093276744515691
0.0367931098649632
0.219702462048236
0.446575158212201
0.6378450370651
0.829801297325846
0.741130045203233
0.53024359242139
0.70516189578362
0.406934372748076
0.171221107191685
-0.17914703081476
-0.339295444853455
-0.561456282970441
-0.506175176588975
-0.437509364666062
-0.358811492703083
-0.228041317813973
-0.0377413998943948
0.175008976924019
0.36404789382593
0.471875233589159
0.684432170776934
0.670160323460145
0.608682780460226
];


torquetotal=((0.5).*(torque1+torque2));


